                                kicad schematic
                                Transient Analysis  Sun Jul 05 15:27:17  2026
--------------------------------------------------------------------------------
Index   time            beforec4        input           net-_c1-pad2_   
--------------------------------------------------------------------------------
0	1.002800e-02	3.281399e+00	-8.75115e-03	5.348010e-02	
1	1.012800e-02	3.281399e+00	-3.60155e-02	5.348010e-02	
2	1.022800e-02	3.281399e+00	-4.95231e-02	5.348010e-02	
3	1.032800e-02	3.281399e+00	-4.41146e-02	5.348010e-02	
4	1.042800e-02	3.281399e+00	-2.18558e-02	5.348010e-02	
5	1.052800e-02	3.281399e+00	8.751153e-03	5.348010e-02	
6	1.062800e-02	3.281399e+00	3.601545e-02	5.348010e-02	
7	1.072800e-02	3.281399e+00	4.952307e-02	5.348010e-02	
8	1.082800e-02	3.281399e+00	4.411456e-02	5.348010e-02	
9	1.092800e-02	3.281399e+00	2.185579e-02	5.348010e-02	
10	1.102800e-02	3.281399e+00	-8.75115e-03	5.348010e-02	
11	1.112800e-02	3.281399e+00	-3.60155e-02	5.348010e-02	
12	1.122800e-02	3.281399e+00	-4.95231e-02	5.348010e-02	
13	1.132800e-02	3.281399e+00	-4.41146e-02	5.348010e-02	
14	1.142800e-02	3.281399e+00	-2.18558e-02	5.348010e-02	
15	1.152800e-02	3.281399e+00	8.751153e-03	5.348010e-02	
16	1.162800e-02	3.281399e+00	3.601545e-02	5.348010e-02	
17	1.172800e-02	3.281399e+00	4.952307e-02	5.348010e-02	
18	1.182800e-02	3.281399e+00	4.411456e-02	5.348010e-02	
19	1.192800e-02	3.281399e+00	2.185579e-02	5.348010e-02	
20	1.202800e-02	3.281399e+00	-8.75115e-03	5.348010e-02	
21	1.212800e-02	3.281399e+00	-3.60155e-02	5.348010e-02	
22	1.222800e-02	3.281399e+00	-4.95231e-02	5.348010e-02	
23	1.232800e-02	3.281399e+00	-4.41146e-02	5.348010e-02	
24	1.242800e-02	3.281399e+00	-2.18558e-02	5.348010e-02	
25	1.252800e-02	3.281399e+00	8.751153e-03	5.348010e-02	
26	1.262800e-02	3.281399e+00	3.601545e-02	5.348010e-02	
27	1.272800e-02	3.281399e+00	4.952307e-02	5.348010e-02	
28	1.282800e-02	3.281399e+00	4.411456e-02	5.348010e-02	
29	1.292800e-02	3.281399e+00	2.185579e-02	5.348010e-02	
30	1.302800e-02	3.281399e+00	-8.75115e-03	5.348010e-02	
31	1.312800e-02	3.281399e+00	-3.60155e-02	5.348010e-02	
32	1.322800e-02	3.281399e+00	-4.95231e-02	5.348010e-02	
33	1.332800e-02	3.281399e+00	-4.41146e-02	5.348010e-02	
34	1.342800e-02	3.281399e+00	-2.18558e-02	5.348010e-02	
35	1.352800e-02	3.281399e+00	8.751153e-03	5.348010e-02	
36	1.362800e-02	3.281399e+00	3.601545e-02	5.348010e-02	
37	1.372800e-02	3.281399e+00	4.952307e-02	5.348010e-02	
38	1.382800e-02	3.281399e+00	4.411456e-02	5.348010e-02	
39	1.392800e-02	3.281399e+00	2.185579e-02	5.348010e-02	
40	1.402800e-02	3.281399e+00	-8.75115e-03	5.348010e-02	
41	1.412800e-02	3.281399e+00	-3.60155e-02	5.348010e-02	
42	1.422800e-02	3.281399e+00	-4.95231e-02	5.348010e-02	
43	1.432800e-02	3.281399e+00	-4.41146e-02	5.348010e-02	
44	1.442800e-02	3.281399e+00	-2.18558e-02	5.348010e-02	
45	1.452800e-02	3.281399e+00	8.751153e-03	5.348010e-02	
46	1.462800e-02	3.281399e+00	3.601545e-02	5.348010e-02	
47	1.472800e-02	3.281399e+00	4.952307e-02	5.348010e-02	
48	1.482800e-02	3.281399e+00	4.411456e-02	5.348010e-02	
49	1.492800e-02	3.281399e+00	2.185579e-02	5.348010e-02	
50	1.500000e-02	3.281399e+00	-8.82123e-16	5.348010e-02	

                                kicad schematic
                                Transient Analysis  Sun Jul 05 15:27:17  2026
--------------------------------------------------------------------------------
Index   time            net-_c3-pad1_   net-_c6-pad2_   net-_c7-pad1_   
--------------------------------------------------------------------------------
0	1.002800e-02	3.281399e+00	3.964865e-03	5.158203e+00	
1	1.012800e-02	3.281399e+00	3.965285e-03	5.158203e+00	
2	1.022800e-02	3.281399e+00	3.965612e-03	5.158203e+00	
3	1.032800e-02	3.281399e+00	3.965602e-03	5.158203e+00	
4	1.042800e-02	3.281399e+00	3.965346e-03	5.158203e+00	
5	1.052800e-02	3.281399e+00	3.965059e-03	5.158203e+00	
6	1.062800e-02	3.281399e+00	3.964818e-03	5.158203e+00	
7	1.072800e-02	3.281399e+00	3.964651e-03	5.158203e+00	
8	1.082800e-02	3.281399e+00	3.964565e-03	5.158203e+00	
9	1.092800e-02	3.281399e+00	3.964619e-03	5.158203e+00	
10	1.102800e-02	3.281399e+00	3.964866e-03	5.158203e+00	
11	1.112800e-02	3.281399e+00	3.965286e-03	5.158203e+00	
12	1.122800e-02	3.281399e+00	3.965613e-03	5.158203e+00	
13	1.132800e-02	3.281399e+00	3.965603e-03	5.158203e+00	
14	1.142800e-02	3.281399e+00	3.965347e-03	5.158203e+00	
15	1.152800e-02	3.281399e+00	3.965060e-03	5.158203e+00	
16	1.162800e-02	3.281399e+00	3.964819e-03	5.158203e+00	
17	1.172800e-02	3.281399e+00	3.964652e-03	5.158203e+00	
18	1.182800e-02	3.281399e+00	3.964565e-03	5.158203e+00	
19	1.192800e-02	3.281399e+00	3.964619e-03	5.158203e+00	
20	1.202800e-02	3.281399e+00	3.964866e-03	5.158203e+00	
21	1.212800e-02	3.281399e+00	3.965286e-03	5.158203e+00	
22	1.222800e-02	3.281399e+00	3.965614e-03	5.158203e+00	
23	1.232800e-02	3.281399e+00	3.965603e-03	5.158203e+00	
24	1.242800e-02	3.281399e+00	3.965347e-03	5.158203e+00	
25	1.252800e-02	3.281399e+00	3.965060e-03	5.158203e+00	
26	1.262800e-02	3.281399e+00	3.964819e-03	5.158203e+00	
27	1.272800e-02	3.281399e+00	3.964652e-03	5.158203e+00	
28	1.282800e-02	3.281399e+00	3.964565e-03	5.158203e+00	
29	1.292800e-02	3.281399e+00	3.964619e-03	5.158203e+00	
30	1.302800e-02	3.281399e+00	3.964866e-03	5.158203e+00	
31	1.312800e-02	3.281399e+00	3.965287e-03	5.158203e+00	
32	1.322800e-02	3.281399e+00	3.965614e-03	5.158203e+00	
33	1.332800e-02	3.281399e+00	3.965604e-03	5.158203e+00	
34	1.342800e-02	3.281399e+00	3.965347e-03	5.158203e+00	
35	1.352800e-02	3.281399e+00	3.965060e-03	5.158203e+00	
36	1.362800e-02	3.281399e+00	3.964819e-03	5.158203e+00	
37	1.372800e-02	3.281399e+00	3.964652e-03	5.158203e+00	
38	1.382800e-02	3.281399e+00	3.964565e-03	5.158203e+00	
39	1.392800e-02	3.281399e+00	3.964619e-03	5.158203e+00	
40	1.402800e-02	3.281399e+00	3.964866e-03	5.158203e+00	
41	1.412800e-02	3.281399e+00	3.965287e-03	5.158203e+00	
42	1.422800e-02	3.281399e+00	3.965615e-03	5.158203e+00	
43	1.432800e-02	3.281399e+00	3.965604e-03	5.158203e+00	
44	1.442800e-02	3.281399e+00	3.965347e-03	5.158203e+00	
45	1.452800e-02	3.281399e+00	3.965060e-03	5.158203e+00	
46	1.462800e-02	3.281399e+00	3.964819e-03	5.158203e+00	
47	1.472800e-02	3.281399e+00	3.964652e-03	5.158203e+00	
48	1.482800e-02	3.281399e+00	3.964566e-03	5.158203e+00	
49	1.492800e-02	3.281399e+00	3.964619e-03	5.158203e+00	
50	1.500000e-02	3.281399e+00	3.964786e-03	5.158203e+00	

                                kicad schematic
                                Transient Analysis  Sun Jul 05 15:27:17  2026
--------------------------------------------------------------------------------
Index   time            net-_d1-pad1_   net-_d1-pad2_   net-_d2-pad2_   
--------------------------------------------------------------------------------
0	1.002800e-02	4.413089e+00	4.412785e+00	4.412481e+00	
1	1.012800e-02	4.413089e+00	4.412785e+00	4.412481e+00	
2	1.022800e-02	4.413089e+00	4.412785e+00	4.412481e+00	
3	1.032800e-02	4.413089e+00	4.412785e+00	4.412481e+00	
4	1.042800e-02	4.413089e+00	4.412785e+00	4.412481e+00	
5	1.052800e-02	4.413089e+00	4.412785e+00	4.412481e+00	
6	1.062800e-02	4.413089e+00	4.412785e+00	4.412481e+00	
7	1.072800e-02	4.413089e+00	4.412785e+00	4.412481e+00	
8	1.082800e-02	4.413089e+00	4.412785e+00	4.412481e+00	
9	1.092800e-02	4.413089e+00	4.412785e+00	4.412481e+00	
10	1.102800e-02	4.413089e+00	4.412785e+00	4.412481e+00	
11	1.112800e-02	4.413089e+00	4.412785e+00	4.412481e+00	
12	1.122800e-02	4.413089e+00	4.412785e+00	4.412481e+00	
13	1.132800e-02	4.413089e+00	4.412785e+00	4.412481e+00	
14	1.142800e-02	4.413089e+00	4.412785e+00	4.412481e+00	
15	1.152800e-02	4.413089e+00	4.412785e+00	4.412481e+00	
16	1.162800e-02	4.413089e+00	4.412785e+00	4.412481e+00	
17	1.172800e-02	4.413089e+00	4.412785e+00	4.412481e+00	
18	1.182800e-02	4.413089e+00	4.412785e+00	4.412481e+00	
19	1.192800e-02	4.413089e+00	4.412785e+00	4.412481e+00	
20	1.202800e-02	4.413089e+00	4.412785e+00	4.412481e+00	
21	1.212800e-02	4.413089e+00	4.412785e+00	4.412481e+00	
22	1.222800e-02	4.413089e+00	4.412785e+00	4.412481e+00	
23	1.232800e-02	4.413089e+00	4.412785e+00	4.412481e+00	
24	1.242800e-02	4.413089e+00	4.412785e+00	4.412481e+00	
25	1.252800e-02	4.413089e+00	4.412785e+00	4.412481e+00	
26	1.262800e-02	4.413089e+00	4.412785e+00	4.412481e+00	
27	1.272800e-02	4.413089e+00	4.412785e+00	4.412481e+00	
28	1.282800e-02	4.413089e+00	4.412785e+00	4.412481e+00	
29	1.292800e-02	4.413089e+00	4.412785e+00	4.412481e+00	
30	1.302800e-02	4.413089e+00	4.412785e+00	4.412481e+00	
31	1.312800e-02	4.413089e+00	4.412785e+00	4.412481e+00	
32	1.322800e-02	4.413089e+00	4.412785e+00	4.412481e+00	
33	1.332800e-02	4.413089e+00	4.412785e+00	4.412481e+00	
34	1.342800e-02	4.413089e+00	4.412785e+00	4.412481e+00	
35	1.352800e-02	4.413089e+00	4.412785e+00	4.412481e+00	
36	1.362800e-02	4.413089e+00	4.412785e+00	4.412481e+00	
37	1.372800e-02	4.413089e+00	4.412785e+00	4.412481e+00	
38	1.382800e-02	4.413089e+00	4.412785e+00	4.412481e+00	
39	1.392800e-02	4.413089e+00	4.412785e+00	4.412481e+00	
40	1.402800e-02	4.413089e+00	4.412785e+00	4.412481e+00	
41	1.412800e-02	4.413089e+00	4.412785e+00	4.412481e+00	
42	1.422800e-02	4.413089e+00	4.412785e+00	4.412481e+00	
43	1.432800e-02	4.413089e+00	4.412785e+00	4.412481e+00	
44	1.442800e-02	4.413089e+00	4.412785e+00	4.412481e+00	
45	1.452800e-02	4.413089e+00	4.412785e+00	4.412481e+00	
46	1.462800e-02	4.413089e+00	4.412785e+00	4.412481e+00	
47	1.472800e-02	4.413089e+00	4.412785e+00	4.412481e+00	
48	1.482800e-02	4.413089e+00	4.412785e+00	4.412481e+00	
49	1.492800e-02	4.413089e+00	4.412785e+00	4.412481e+00	
50	1.500000e-02	4.413089e+00	4.412785e+00	4.412481e+00	

                                kicad schematic
                                Transient Analysis  Sun Jul 05 15:27:17  2026
--------------------------------------------------------------------------------
Index   time            net-_d3-pad1_   net-_d3-pad2_   net-_q1-pad2_   
--------------------------------------------------------------------------------
0	1.002800e-02	4.288126e+00	3.784762e+00	-8.73188e-03	
1	1.012800e-02	4.288126e+00	3.784762e+00	-3.60019e-02	
2	1.022800e-02	4.288126e+00	3.784762e+00	-4.95202e-02	
3	1.032800e-02	4.288126e+00	3.784762e+00	-4.41241e-02	
4	1.042800e-02	4.288126e+00	3.784762e+00	-2.18731e-02	
5	1.052800e-02	4.288126e+00	3.784762e+00	8.732379e-03	
6	1.062800e-02	4.288126e+00	3.784762e+00	3.600276e-02	
7	1.072800e-02	4.288126e+00	3.784762e+00	4.952046e-02	
8	1.082800e-02	4.288126e+00	3.784762e+00	4.412356e-02	
9	1.092800e-02	4.288126e+00	3.784762e+00	2.187275e-02	
10	1.102800e-02	4.288126e+00	3.784762e+00	-8.73188e-03	
11	1.112800e-02	4.288126e+00	3.784762e+00	-3.60019e-02	
12	1.122800e-02	4.288126e+00	3.784762e+00	-4.95203e-02	
13	1.132800e-02	4.288126e+00	3.784762e+00	-4.41240e-02	
14	1.142800e-02	4.288126e+00	3.784762e+00	-2.18731e-02	
15	1.152800e-02	4.288126e+00	3.784762e+00	8.732383e-03	
16	1.162800e-02	4.288126e+00	3.784762e+00	3.600275e-02	
17	1.172800e-02	4.288126e+00	3.784762e+00	4.952046e-02	
18	1.182800e-02	4.288126e+00	3.784762e+00	4.412355e-02	
19	1.192800e-02	4.288126e+00	3.784762e+00	2.187275e-02	
20	1.202800e-02	4.288126e+00	3.784762e+00	-8.73188e-03	
21	1.212800e-02	4.288126e+00	3.784762e+00	-3.60019e-02	
22	1.222800e-02	4.288126e+00	3.784762e+00	-4.95203e-02	
23	1.232800e-02	4.288126e+00	3.784762e+00	-4.41240e-02	
24	1.242800e-02	4.288126e+00	3.784762e+00	-2.18731e-02	
25	1.252800e-02	4.288126e+00	3.784762e+00	8.732387e-03	
26	1.262800e-02	4.288126e+00	3.784762e+00	3.600275e-02	
27	1.272800e-02	4.288126e+00	3.784762e+00	4.952047e-02	
28	1.282800e-02	4.288126e+00	3.784762e+00	4.412355e-02	
29	1.292800e-02	4.288126e+00	3.784762e+00	2.187275e-02	
30	1.302800e-02	4.288126e+00	3.784762e+00	-8.73189e-03	
31	1.312800e-02	4.288126e+00	3.784762e+00	-3.60019e-02	
32	1.322800e-02	4.288126e+00	3.784762e+00	-4.95203e-02	
33	1.332800e-02	4.288126e+00	3.784762e+00	-4.41240e-02	
34	1.342800e-02	4.288126e+00	3.784762e+00	-2.18731e-02	
35	1.352800e-02	4.288126e+00	3.784762e+00	8.732390e-03	
36	1.362800e-02	4.288126e+00	3.784762e+00	3.600275e-02	
37	1.372800e-02	4.288126e+00	3.784762e+00	4.952047e-02	
38	1.382800e-02	4.288126e+00	3.784762e+00	4.412355e-02	
39	1.392800e-02	4.288126e+00	3.784762e+00	2.187276e-02	
40	1.402800e-02	4.288126e+00	3.784762e+00	-8.73189e-03	
41	1.412800e-02	4.288126e+00	3.784762e+00	-3.60019e-02	
42	1.422800e-02	4.288126e+00	3.784762e+00	-4.95203e-02	
43	1.432800e-02	4.288126e+00	3.784762e+00	-4.41240e-02	
44	1.442800e-02	4.288126e+00	3.784762e+00	-2.18731e-02	
45	1.452800e-02	4.288126e+00	3.784762e+00	8.732393e-03	
46	1.462800e-02	4.288126e+00	3.784762e+00	3.600274e-02	
47	1.472800e-02	4.288126e+00	3.784762e+00	4.952047e-02	
48	1.482800e-02	4.288126e+00	3.784762e+00	4.412354e-02	
49	1.492800e-02	4.288126e+00	3.784762e+00	2.187276e-02	
50	1.500000e-02	4.288126e+00	3.784762e+00	1.889358e-05	

                                kicad schematic
                                Transient Analysis  Sun Jul 05 15:27:17  2026
--------------------------------------------------------------------------------
Index   time            net-_q1-pad3_   net-_q2-pad3_   net-_q3-pad2_   
--------------------------------------------------------------------------------
0	1.002800e-02	3.297794e-01	7.464546e-01	6.090407e-01	
1	1.012800e-02	3.190148e-01	7.464543e-01	6.090405e-01	
2	1.022800e-02	3.133523e-01	7.464543e-01	6.090405e-01	
3	1.032800e-02	3.151014e-01	7.464546e-01	6.090408e-01	
4	1.042800e-02	3.236469e-01	7.464550e-01	6.090412e-01	
5	1.052800e-02	3.356111e-01	7.464553e-01	6.090414e-01	
6	1.062800e-02	3.463480e-01	7.464554e-01	6.090415e-01	
7	1.072800e-02	3.517872e-01	7.464553e-01	6.090414e-01	
8	1.082800e-02	3.499303e-01	7.464551e-01	6.090411e-01	
9	1.092800e-02	3.415323e-01	7.464549e-01	6.090409e-01	
10	1.102800e-02	3.297608e-01	7.464546e-01	6.090407e-01	
11	1.112800e-02	3.189972e-01	7.464543e-01	6.090405e-01	
12	1.122800e-02	3.133358e-01	7.464543e-01	6.090405e-01	
13	1.132800e-02	3.150859e-01	7.464546e-01	6.090408e-01	
14	1.142800e-02	3.236321e-01	7.464550e-01	6.090412e-01	
15	1.152800e-02	3.355966e-01	7.464553e-01	6.090414e-01	
16	1.162800e-02	3.463338e-01	7.464554e-01	6.090415e-01	
17	1.172800e-02	3.517731e-01	7.464553e-01	6.090414e-01	
18	1.182800e-02	3.499164e-01	7.464551e-01	6.090411e-01	
19	1.192800e-02	3.415188e-01	7.464549e-01	6.090409e-01	
20	1.202800e-02	3.297478e-01	7.464546e-01	6.090407e-01	
21	1.212800e-02	3.189849e-01	7.464543e-01	6.090405e-01	
22	1.222800e-02	3.133243e-01	7.464543e-01	6.090405e-01	
23	1.232800e-02	3.150751e-01	7.464546e-01	6.090408e-01	
24	1.242800e-02	3.236218e-01	7.464550e-01	6.090412e-01	
25	1.252800e-02	3.355866e-01	7.464553e-01	6.090414e-01	
26	1.262800e-02	3.463238e-01	7.464554e-01	6.090415e-01	
27	1.272800e-02	3.517633e-01	7.464553e-01	6.090414e-01	
28	1.282800e-02	3.499068e-01	7.464551e-01	6.090411e-01	
29	1.292800e-02	3.415093e-01	7.464549e-01	6.090409e-01	
30	1.302800e-02	3.297387e-01	7.464546e-01	6.090407e-01	
31	1.312800e-02	3.189763e-01	7.464543e-01	6.090405e-01	
32	1.322800e-02	3.133163e-01	7.464543e-01	6.090405e-01	
33	1.332800e-02	3.150676e-01	7.464546e-01	6.090408e-01	
34	1.342800e-02	3.236146e-01	7.464550e-01	6.090412e-01	
35	1.352800e-02	3.355796e-01	7.464553e-01	6.090414e-01	
36	1.362800e-02	3.463169e-01	7.464554e-01	6.090415e-01	
37	1.372800e-02	3.517564e-01	7.464553e-01	6.090414e-01	
38	1.382800e-02	3.499000e-01	7.464551e-01	6.090411e-01	
39	1.392800e-02	3.415028e-01	7.464549e-01	6.090409e-01	
40	1.402800e-02	3.297324e-01	7.464546e-01	6.090407e-01	
41	1.412800e-02	3.189704e-01	7.464543e-01	6.090405e-01	
42	1.422800e-02	3.133108e-01	7.464543e-01	6.090405e-01	
43	1.432800e-02	3.150624e-01	7.464546e-01	6.090408e-01	
44	1.442800e-02	3.236096e-01	7.464550e-01	6.090412e-01	
45	1.452800e-02	3.355747e-01	7.464553e-01	6.090414e-01	
46	1.462800e-02	3.463121e-01	7.464554e-01	6.090415e-01	
47	1.472800e-02	3.517516e-01	7.464553e-01	6.090414e-01	
48	1.482800e-02	3.498953e-01	7.464551e-01	6.090411e-01	
49	1.492800e-02	3.414982e-01	7.464549e-01	6.090409e-01	
50	1.500000e-02	3.331189e-01	7.464547e-01	6.090407e-01	

                                kicad schematic
                                Transient Analysis  Sun Jul 05 15:27:17  2026
--------------------------------------------------------------------------------
Index   time            net-_q7-pad2_   net-_q10-pad1_  net-_q10-pad2_  
--------------------------------------------------------------------------------
0	1.002800e-02	1.251290e+00	5.348009e-02	6.344983e-01	
1	1.012800e-02	1.251290e+00	5.348009e-02	6.344983e-01	
2	1.022800e-02	1.251290e+00	5.348009e-02	6.344983e-01	
3	1.032800e-02	1.251290e+00	5.348009e-02	6.344983e-01	
4	1.042800e-02	1.251290e+00	5.348010e-02	6.344983e-01	
5	1.052800e-02	1.251290e+00	5.348010e-02	6.344983e-01	
6	1.062800e-02	1.251290e+00	5.348010e-02	6.344983e-01	
7	1.072800e-02	1.251290e+00	5.348010e-02	6.344983e-01	
8	1.082800e-02	1.251290e+00	5.348010e-02	6.344983e-01	
9	1.092800e-02	1.251290e+00	5.348009e-02	6.344983e-01	
10	1.102800e-02	1.251290e+00	5.348009e-02	6.344983e-01	
11	1.112800e-02	1.251290e+00	5.348009e-02	6.344983e-01	
12	1.122800e-02	1.251290e+00	5.348009e-02	6.344983e-01	
13	1.132800e-02	1.251290e+00	5.348009e-02	6.344983e-01	
14	1.142800e-02	1.251290e+00	5.348010e-02	6.344983e-01	
15	1.152800e-02	1.251290e+00	5.348010e-02	6.344983e-01	
16	1.162800e-02	1.251290e+00	5.348010e-02	6.344983e-01	
17	1.172800e-02	1.251290e+00	5.348010e-02	6.344983e-01	
18	1.182800e-02	1.251290e+00	5.348010e-02	6.344983e-01	
19	1.192800e-02	1.251290e+00	5.348009e-02	6.344983e-01	
20	1.202800e-02	1.251290e+00	5.348009e-02	6.344983e-01	
21	1.212800e-02	1.251290e+00	5.348009e-02	6.344983e-01	
22	1.222800e-02	1.251290e+00	5.348009e-02	6.344983e-01	
23	1.232800e-02	1.251290e+00	5.348009e-02	6.344983e-01	
24	1.242800e-02	1.251290e+00	5.348010e-02	6.344983e-01	
25	1.252800e-02	1.251290e+00	5.348010e-02	6.344983e-01	
26	1.262800e-02	1.251290e+00	5.348010e-02	6.344983e-01	
27	1.272800e-02	1.251290e+00	5.348010e-02	6.344983e-01	
28	1.282800e-02	1.251290e+00	5.348010e-02	6.344983e-01	
29	1.292800e-02	1.251290e+00	5.348009e-02	6.344983e-01	
30	1.302800e-02	1.251290e+00	5.348009e-02	6.344983e-01	
31	1.312800e-02	1.251290e+00	5.348009e-02	6.344983e-01	
32	1.322800e-02	1.251290e+00	5.348009e-02	6.344983e-01	
33	1.332800e-02	1.251290e+00	5.348009e-02	6.344983e-01	
34	1.342800e-02	1.251290e+00	5.348010e-02	6.344983e-01	
35	1.352800e-02	1.251290e+00	5.348010e-02	6.344983e-01	
36	1.362800e-02	1.251290e+00	5.348010e-02	6.344983e-01	
37	1.372800e-02	1.251290e+00	5.348010e-02	6.344983e-01	
38	1.382800e-02	1.251290e+00	5.348010e-02	6.344983e-01	
39	1.392800e-02	1.251290e+00	5.348009e-02	6.344983e-01	
40	1.402800e-02	1.251290e+00	5.348009e-02	6.344983e-01	
41	1.412800e-02	1.251290e+00	5.348009e-02	6.344983e-01	
42	1.422800e-02	1.251290e+00	5.348009e-02	6.344983e-01	
43	1.432800e-02	1.251290e+00	5.348009e-02	6.344983e-01	
44	1.442800e-02	1.251290e+00	5.348010e-02	6.344983e-01	
45	1.452800e-02	1.251290e+00	5.348010e-02	6.344983e-01	
46	1.462800e-02	1.251290e+00	5.348010e-02	6.344983e-01	
47	1.472800e-02	1.251290e+00	5.348010e-02	6.344983e-01	
48	1.482800e-02	1.251290e+00	5.348010e-02	6.344983e-01	
49	1.492800e-02	1.251290e+00	5.348009e-02	6.344983e-01	
50	1.500000e-02	1.251290e+00	5.348009e-02	6.344983e-01	

                                kicad schematic
                                Transient Analysis  Sun Jul 05 15:27:17  2026
--------------------------------------------------------------------------------
Index   time            net-_q12-pad2_  net-_q13-pad1_  net-_q13-pad3_  
--------------------------------------------------------------------------------
0	1.002800e-02	3.727502e+00	2.091174e-01	4.362235e+00	
1	1.012800e-02	3.727502e+00	2.091174e-01	4.362235e+00	
2	1.022800e-02	3.727502e+00	2.091174e-01	4.362235e+00	
3	1.032800e-02	3.727502e+00	2.091174e-01	4.362235e+00	
4	1.042800e-02	3.727502e+00	2.091174e-01	4.362235e+00	
5	1.052800e-02	3.727502e+00	2.091174e-01	4.362235e+00	
6	1.062800e-02	3.727502e+00	2.091174e-01	4.362235e+00	
7	1.072800e-02	3.727502e+00	2.091174e-01	4.362235e+00	
8	1.082800e-02	3.727502e+00	2.091174e-01	4.362235e+00	
9	1.092800e-02	3.727502e+00	2.091174e-01	4.362235e+00	
10	1.102800e-02	3.727502e+00	2.091174e-01	4.362235e+00	
11	1.112800e-02	3.727502e+00	2.091174e-01	4.362235e+00	
12	1.122800e-02	3.727502e+00	2.091174e-01	4.362235e+00	
13	1.132800e-02	3.727502e+00	2.091174e-01	4.362235e+00	
14	1.142800e-02	3.727502e+00	2.091174e-01	4.362235e+00	
15	1.152800e-02	3.727502e+00	2.091174e-01	4.362235e+00	
16	1.162800e-02	3.727502e+00	2.091174e-01	4.362235e+00	
17	1.172800e-02	3.727502e+00	2.091174e-01	4.362235e+00	
18	1.182800e-02	3.727502e+00	2.091174e-01	4.362235e+00	
19	1.192800e-02	3.727502e+00	2.091174e-01	4.362235e+00	
20	1.202800e-02	3.727502e+00	2.091174e-01	4.362235e+00	
21	1.212800e-02	3.727502e+00	2.091174e-01	4.362235e+00	
22	1.222800e-02	3.727502e+00	2.091174e-01	4.362235e+00	
23	1.232800e-02	3.727502e+00	2.091174e-01	4.362235e+00	
24	1.242800e-02	3.727502e+00	2.091174e-01	4.362235e+00	
25	1.252800e-02	3.727502e+00	2.091174e-01	4.362235e+00	
26	1.262800e-02	3.727502e+00	2.091174e-01	4.362235e+00	
27	1.272800e-02	3.727502e+00	2.091174e-01	4.362235e+00	
28	1.282800e-02	3.727502e+00	2.091174e-01	4.362235e+00	
29	1.292800e-02	3.727502e+00	2.091174e-01	4.362235e+00	
30	1.302800e-02	3.727502e+00	2.091174e-01	4.362235e+00	
31	1.312800e-02	3.727502e+00	2.091174e-01	4.362235e+00	
32	1.322800e-02	3.727502e+00	2.091174e-01	4.362235e+00	
33	1.332800e-02	3.727502e+00	2.091174e-01	4.362235e+00	
34	1.342800e-02	3.727502e+00	2.091174e-01	4.362235e+00	
35	1.352800e-02	3.727502e+00	2.091174e-01	4.362235e+00	
36	1.362800e-02	3.727502e+00	2.091174e-01	4.362235e+00	
37	1.372800e-02	3.727502e+00	2.091174e-01	4.362235e+00	
38	1.382800e-02	3.727502e+00	2.091174e-01	4.362235e+00	
39	1.392800e-02	3.727502e+00	2.091174e-01	4.362235e+00	
40	1.402800e-02	3.727502e+00	2.091174e-01	4.362235e+00	
41	1.412800e-02	3.727502e+00	2.091174e-01	4.362235e+00	
42	1.422800e-02	3.727502e+00	2.091174e-01	4.362235e+00	
43	1.432800e-02	3.727502e+00	2.091174e-01	4.362235e+00	
44	1.442800e-02	3.727502e+00	2.091174e-01	4.362235e+00	
45	1.452800e-02	3.727502e+00	2.091174e-01	4.362235e+00	
46	1.462800e-02	3.727502e+00	2.091174e-01	4.362235e+00	
47	1.472800e-02	3.727502e+00	2.091174e-01	4.362235e+00	
48	1.482800e-02	3.727502e+00	2.091174e-01	4.362235e+00	
49	1.492800e-02	3.727502e+00	2.091174e-01	4.362235e+00	
50	1.500000e-02	3.727502e+00	2.091174e-01	4.362235e+00	

                                kicad schematic
                                Transient Analysis  Sun Jul 05 15:27:17  2026
--------------------------------------------------------------------------------
Index   time            net-_q17-pad3_  output          q1#collCX       
--------------------------------------------------------------------------------
0	1.002800e-02	3.802214e+00	4.419686e+00	-3.20176e-09	
1	1.012800e-02	3.802214e+00	4.419686e+00	-1.99846e-09	
2	1.022800e-02	3.802214e+00	4.419686e+00	2.950863e-11	
3	1.032800e-02	3.802214e+00	4.419686e+00	2.165396e-09	
4	1.042800e-02	3.802214e+00	4.419686e+00	3.398919e-09	
5	1.052800e-02	3.802214e+00	4.419686e+00	3.526170e-09	
6	1.062800e-02	3.802214e+00	4.419686e+00	2.361441e-09	
7	1.072800e-02	3.802214e+00	4.419686e+00	5.498141e-10	
8	1.082800e-02	3.802214e+00	4.419686e+00	-1.50367e-09	
9	1.092800e-02	3.802214e+00	4.419686e+00	-2.88041e-09	
10	1.102800e-02	3.802214e+00	4.419686e+00	-3.20130e-09	
11	1.112800e-02	3.802214e+00	4.419686e+00	-1.99937e-09	
12	1.122800e-02	3.802214e+00	4.419686e+00	2.979304e-11	
13	1.132800e-02	3.802214e+00	4.419686e+00	2.164513e-09	
14	1.142800e-02	3.802214e+00	4.419686e+00	3.399385e-09	
15	1.152800e-02	3.802214e+00	4.419686e+00	3.525473e-09	
16	1.162800e-02	3.802214e+00	4.419686e+00	2.362017e-09	
17	1.172800e-02	3.802214e+00	4.419686e+00	5.491691e-10	
18	1.182800e-02	3.802214e+00	4.419686e+00	-1.50308e-09	
19	1.192800e-02	3.802214e+00	4.419686e+00	-2.88107e-09	
20	1.202800e-02	3.802214e+00	4.419686e+00	-3.20080e-09	
21	1.212800e-02	3.802214e+00	4.419686e+00	-2.00018e-09	
22	1.222800e-02	3.802214e+00	4.419686e+00	3.016554e-11	
23	1.232800e-02	3.802214e+00	4.419686e+00	2.163724e-09	
24	1.242800e-02	3.802214e+00	4.419686e+00	3.399883e-09	
25	1.252800e-02	3.802214e+00	4.419686e+00	3.524814e-09	
26	1.262800e-02	3.802214e+00	4.419686e+00	2.362591e-09	
27	1.272800e-02	3.802214e+00	4.419686e+00	5.485477e-10	
28	1.282800e-02	3.802214e+00	4.419686e+00	-1.50251e-09	
29	1.292800e-02	3.802214e+00	4.419686e+00	-2.88171e-09	
30	1.302800e-02	3.802214e+00	4.419686e+00	-3.20028e-09	
31	1.312800e-02	3.802214e+00	4.419686e+00	-2.00091e-09	
32	1.322800e-02	3.802214e+00	4.419686e+00	3.059508e-11	
33	1.332800e-02	3.802214e+00	4.419686e+00	2.163005e-09	
34	1.342800e-02	3.802214e+00	4.419686e+00	3.400399e-09	
35	1.352800e-02	3.802214e+00	4.419686e+00	3.524186e-09	
36	1.362800e-02	3.802214e+00	4.419686e+00	2.363159e-09	
37	1.372800e-02	3.802214e+00	4.419686e+00	5.479471e-10	
38	1.382800e-02	3.802214e+00	4.419686e+00	-1.50194e-09	
39	1.392800e-02	3.802214e+00	4.419686e+00	-2.88232e-09	
40	1.402800e-02	3.802214e+00	4.419686e+00	-3.19975e-09	
41	1.412800e-02	3.802214e+00	4.419686e+00	-2.00159e-09	
42	1.422800e-02	3.802214e+00	4.419686e+00	3.106018e-11	
43	1.432800e-02	3.802214e+00	4.419686e+00	2.162339e-09	
44	1.442800e-02	3.802214e+00	4.419686e+00	3.400924e-09	
45	1.452800e-02	3.802214e+00	4.419686e+00	3.523584e-09	
46	1.462800e-02	3.802214e+00	4.419686e+00	2.363718e-09	
47	1.472800e-02	3.802214e+00	4.419686e+00	5.473649e-10	
48	1.482800e-02	3.802214e+00	4.419686e+00	-1.50138e-09	
49	1.492800e-02	3.802214e+00	4.419686e+00	-2.88291e-09	
50	1.500000e-02	3.802214e+00	4.419686e+00	-3.16790e-09	

                                kicad schematic
                                Transient Analysis  Sun Jul 05 15:27:17  2026
--------------------------------------------------------------------------------
Index   time            q2#collCX       q3#collCX       q4#collCX       
--------------------------------------------------------------------------------
0	1.002800e-02	3.964869e-03	3.964860e-03	7.466544e-01	
1	1.012800e-02	3.965291e-03	3.965276e-03	7.466542e-01	
2	1.022800e-02	3.965621e-03	3.965601e-03	7.466542e-01	
3	1.032800e-02	3.965610e-03	3.965590e-03	7.466545e-01	
4	1.042800e-02	3.965353e-03	3.965337e-03	7.466549e-01	
5	1.052800e-02	3.965064e-03	3.965053e-03	7.466552e-01	
6	1.062800e-02	3.964822e-03	3.964814e-03	7.466552e-01	
7	1.072800e-02	3.964653e-03	3.964648e-03	7.466551e-01	
8	1.082800e-02	3.964567e-03	3.964563e-03	7.466549e-01	
9	1.092800e-02	3.964620e-03	3.964616e-03	7.466547e-01	
10	1.102800e-02	3.964869e-03	3.964861e-03	7.466544e-01	
11	1.112800e-02	3.965292e-03	3.965277e-03	7.466542e-01	
12	1.122800e-02	3.965622e-03	3.965602e-03	7.466542e-01	
13	1.132800e-02	3.965611e-03	3.965591e-03	7.466545e-01	
14	1.142800e-02	3.965353e-03	3.965337e-03	7.466549e-01	
15	1.152800e-02	3.965064e-03	3.965053e-03	7.466552e-01	
16	1.162800e-02	3.964822e-03	3.964814e-03	7.466552e-01	
17	1.172800e-02	3.964654e-03	3.964649e-03	7.466551e-01	
18	1.182800e-02	3.964567e-03	3.964563e-03	7.466549e-01	
19	1.192800e-02	3.964621e-03	3.964616e-03	7.466547e-01	
20	1.202800e-02	3.964870e-03	3.964861e-03	7.466544e-01	
21	1.212800e-02	3.965292e-03	3.965278e-03	7.466542e-01	
22	1.222800e-02	3.965622e-03	3.965602e-03	7.466542e-01	
23	1.232800e-02	3.965611e-03	3.965592e-03	7.466545e-01	
24	1.242800e-02	3.965354e-03	3.965338e-03	7.466549e-01	
25	1.252800e-02	3.965065e-03	3.965053e-03	7.466552e-01	
26	1.262800e-02	3.964822e-03	3.964814e-03	7.466552e-01	
27	1.272800e-02	3.964654e-03	3.964649e-03	7.466551e-01	
28	1.282800e-02	3.964567e-03	3.964563e-03	7.466549e-01	
29	1.292800e-02	3.964621e-03	3.964616e-03	7.466547e-01	
30	1.302800e-02	3.964870e-03	3.964861e-03	7.466544e-01	
31	1.312800e-02	3.965293e-03	3.965278e-03	7.466542e-01	
32	1.322800e-02	3.965623e-03	3.965603e-03	7.466542e-01	
33	1.332800e-02	3.965612e-03	3.965592e-03	7.466545e-01	
34	1.342800e-02	3.965354e-03	3.965338e-03	7.466549e-01	
35	1.352800e-02	3.965065e-03	3.965053e-03	7.466552e-01	
36	1.362800e-02	3.964822e-03	3.964814e-03	7.466552e-01	
37	1.372800e-02	3.964654e-03	3.964649e-03	7.466551e-01	
38	1.382800e-02	3.964567e-03	3.964563e-03	7.466549e-01	
39	1.392800e-02	3.964621e-03	3.964616e-03	7.466547e-01	
40	1.402800e-02	3.964870e-03	3.964862e-03	7.466544e-01	
41	1.412800e-02	3.965293e-03	3.965278e-03	7.466542e-01	
42	1.422800e-02	3.965623e-03	3.965603e-03	7.466542e-01	
43	1.432800e-02	3.965612e-03	3.965592e-03	7.466545e-01	
44	1.442800e-02	3.965354e-03	3.965338e-03	7.466549e-01	
45	1.452800e-02	3.965065e-03	3.965053e-03	7.466552e-01	
46	1.462800e-02	3.964822e-03	3.964814e-03	7.466552e-01	
47	1.472800e-02	3.964654e-03	3.964649e-03	7.466551e-01	
48	1.482800e-02	3.964567e-03	3.964563e-03	7.466549e-01	
49	1.492800e-02	3.964621e-03	3.964616e-03	7.466547e-01	
50	1.500000e-02	3.964789e-03	3.964781e-03	7.466545e-01	

                                kicad schematic
                                Transient Analysis  Sun Jul 05 15:27:17  2026
--------------------------------------------------------------------------------
Index   time            q5#collCX       q6#collCX       q7#collCX       
--------------------------------------------------------------------------------
0	1.002800e-02	6.087995e-01	6.092393e-01	3.727166e+00	
1	1.012800e-02	6.087994e-01	6.092391e-01	3.727166e+00	
2	1.022800e-02	6.087994e-01	6.092391e-01	3.727166e+00	
3	1.032800e-02	6.087997e-01	6.092394e-01	3.727166e+00	
4	1.042800e-02	6.088000e-01	6.092398e-01	3.727166e+00	
5	1.052800e-02	6.088003e-01	6.092400e-01	3.727166e+00	
6	1.062800e-02	6.088003e-01	6.092401e-01	3.727166e+00	
7	1.072800e-02	6.088002e-01	6.092400e-01	3.727166e+00	
8	1.082800e-02	6.088000e-01	6.092398e-01	3.727166e+00	
9	1.092800e-02	6.087998e-01	6.092395e-01	3.727166e+00	
10	1.102800e-02	6.087995e-01	6.092393e-01	3.727166e+00	
11	1.112800e-02	6.087994e-01	6.092391e-01	3.727166e+00	
12	1.122800e-02	6.087994e-01	6.092391e-01	3.727166e+00	
13	1.132800e-02	6.087997e-01	6.092394e-01	3.727166e+00	
14	1.142800e-02	6.088000e-01	6.092398e-01	3.727166e+00	
15	1.152800e-02	6.088003e-01	6.092400e-01	3.727166e+00	
16	1.162800e-02	6.088003e-01	6.092401e-01	3.727166e+00	
17	1.172800e-02	6.088002e-01	6.092400e-01	3.727166e+00	
18	1.182800e-02	6.088000e-01	6.092398e-01	3.727166e+00	
19	1.192800e-02	6.087998e-01	6.092395e-01	3.727166e+00	
20	1.202800e-02	6.087995e-01	6.092393e-01	3.727166e+00	
21	1.212800e-02	6.087994e-01	6.092391e-01	3.727166e+00	
22	1.222800e-02	6.087994e-01	6.092391e-01	3.727166e+00	
23	1.232800e-02	6.087997e-01	6.092394e-01	3.727166e+00	
24	1.242800e-02	6.088000e-01	6.092398e-01	3.727166e+00	
25	1.252800e-02	6.088003e-01	6.092400e-01	3.727166e+00	
26	1.262800e-02	6.088003e-01	6.092401e-01	3.727166e+00	
27	1.272800e-02	6.088002e-01	6.092400e-01	3.727166e+00	
28	1.282800e-02	6.088000e-01	6.092398e-01	3.727166e+00	
29	1.292800e-02	6.087998e-01	6.092395e-01	3.727166e+00	
30	1.302800e-02	6.087995e-01	6.092393e-01	3.727166e+00	
31	1.312800e-02	6.087994e-01	6.092391e-01	3.727166e+00	
32	1.322800e-02	6.087994e-01	6.092391e-01	3.727166e+00	
33	1.332800e-02	6.087997e-01	6.092394e-01	3.727166e+00	
34	1.342800e-02	6.088000e-01	6.092398e-01	3.727166e+00	
35	1.352800e-02	6.088003e-01	6.092400e-01	3.727166e+00	
36	1.362800e-02	6.088003e-01	6.092401e-01	3.727166e+00	
37	1.372800e-02	6.088002e-01	6.092400e-01	3.727166e+00	
38	1.382800e-02	6.088000e-01	6.092398e-01	3.727166e+00	
39	1.392800e-02	6.087998e-01	6.092395e-01	3.727166e+00	
40	1.402800e-02	6.087995e-01	6.092393e-01	3.727166e+00	
41	1.412800e-02	6.087994e-01	6.092391e-01	3.727166e+00	
42	1.422800e-02	6.087994e-01	6.092391e-01	3.727166e+00	
43	1.432800e-02	6.087997e-01	6.092394e-01	3.727166e+00	
44	1.442800e-02	6.088000e-01	6.092398e-01	3.727166e+00	
45	1.452800e-02	6.088003e-01	6.092400e-01	3.727166e+00	
46	1.462800e-02	6.088003e-01	6.092401e-01	3.727166e+00	
47	1.472800e-02	6.088002e-01	6.092400e-01	3.727166e+00	
48	1.482800e-02	6.088000e-01	6.092398e-01	3.727166e+00	
49	1.492800e-02	6.087998e-01	6.092395e-01	3.727166e+00	
50	1.500000e-02	6.087996e-01	6.092394e-01	3.727166e+00	

                                kicad schematic
                                Transient Analysis  Sun Jul 05 15:27:17  2026
--------------------------------------------------------------------------------
Index   time            q8#collCX       q9#collCX       q10#collCX      
--------------------------------------------------------------------------------
0	1.002800e-02	1.250641e+00	3.727697e+00	5.294038e-02	
1	1.012800e-02	1.250641e+00	3.727697e+00	5.294038e-02	
2	1.022800e-02	1.250641e+00	3.727697e+00	5.294038e-02	
3	1.032800e-02	1.250641e+00	3.727697e+00	5.294038e-02	
4	1.042800e-02	1.250641e+00	3.727697e+00	5.294038e-02	
5	1.052800e-02	1.250641e+00	3.727697e+00	5.294038e-02	
6	1.062800e-02	1.250641e+00	3.727697e+00	5.294038e-02	
7	1.072800e-02	1.250641e+00	3.727697e+00	5.294038e-02	
8	1.082800e-02	1.250641e+00	3.727697e+00	5.294038e-02	
9	1.092800e-02	1.250641e+00	3.727697e+00	5.294038e-02	
10	1.102800e-02	1.250641e+00	3.727697e+00	5.294038e-02	
11	1.112800e-02	1.250641e+00	3.727697e+00	5.294038e-02	
12	1.122800e-02	1.250641e+00	3.727697e+00	5.294038e-02	
13	1.132800e-02	1.250641e+00	3.727697e+00	5.294038e-02	
14	1.142800e-02	1.250641e+00	3.727697e+00	5.294038e-02	
15	1.152800e-02	1.250641e+00	3.727697e+00	5.294038e-02	
16	1.162800e-02	1.250641e+00	3.727697e+00	5.294038e-02	
17	1.172800e-02	1.250641e+00	3.727697e+00	5.294038e-02	
18	1.182800e-02	1.250641e+00	3.727697e+00	5.294038e-02	
19	1.192800e-02	1.250641e+00	3.727697e+00	5.294038e-02	
20	1.202800e-02	1.250641e+00	3.727697e+00	5.294038e-02	
21	1.212800e-02	1.250641e+00	3.727697e+00	5.294038e-02	
22	1.222800e-02	1.250641e+00	3.727697e+00	5.294038e-02	
23	1.232800e-02	1.250641e+00	3.727697e+00	5.294038e-02	
24	1.242800e-02	1.250641e+00	3.727697e+00	5.294038e-02	
25	1.252800e-02	1.250641e+00	3.727697e+00	5.294038e-02	
26	1.262800e-02	1.250641e+00	3.727697e+00	5.294038e-02	
27	1.272800e-02	1.250641e+00	3.727697e+00	5.294038e-02	
28	1.282800e-02	1.250641e+00	3.727697e+00	5.294038e-02	
29	1.292800e-02	1.250641e+00	3.727697e+00	5.294038e-02	
30	1.302800e-02	1.250641e+00	3.727697e+00	5.294038e-02	
31	1.312800e-02	1.250641e+00	3.727697e+00	5.294038e-02	
32	1.322800e-02	1.250641e+00	3.727697e+00	5.294038e-02	
33	1.332800e-02	1.250641e+00	3.727697e+00	5.294038e-02	
34	1.342800e-02	1.250641e+00	3.727697e+00	5.294038e-02	
35	1.352800e-02	1.250641e+00	3.727697e+00	5.294038e-02	
36	1.362800e-02	1.250641e+00	3.727697e+00	5.294038e-02	
37	1.372800e-02	1.250641e+00	3.727697e+00	5.294038e-02	
38	1.382800e-02	1.250641e+00	3.727697e+00	5.294038e-02	
39	1.392800e-02	1.250641e+00	3.727697e+00	5.294038e-02	
40	1.402800e-02	1.250641e+00	3.727697e+00	5.294038e-02	
41	1.412800e-02	1.250641e+00	3.727697e+00	5.294038e-02	
42	1.422800e-02	1.250641e+00	3.727697e+00	5.294038e-02	
43	1.432800e-02	1.250641e+00	3.727697e+00	5.294038e-02	
44	1.442800e-02	1.250641e+00	3.727697e+00	5.294038e-02	
45	1.452800e-02	1.250641e+00	3.727697e+00	5.294038e-02	
46	1.462800e-02	1.250641e+00	3.727697e+00	5.294038e-02	
47	1.472800e-02	1.250641e+00	3.727697e+00	5.294038e-02	
48	1.482800e-02	1.250641e+00	3.727697e+00	5.294038e-02	
49	1.492800e-02	1.250641e+00	3.727697e+00	5.294038e-02	
50	1.500000e-02	1.250641e+00	3.727697e+00	5.294038e-02	

                                kicad schematic
                                Transient Analysis  Sun Jul 05 15:27:17  2026
--------------------------------------------------------------------------------
Index   time            q11#collCX      q12#collCX      q13#collCX      
--------------------------------------------------------------------------------
0	1.002800e-02	4.412481e+00	4.413090e+00	2.091174e-01	
1	1.012800e-02	4.412481e+00	4.413090e+00	2.091174e-01	
2	1.022800e-02	4.412481e+00	4.413090e+00	2.091174e-01	
3	1.032800e-02	4.412481e+00	4.413090e+00	2.091174e-01	
4	1.042800e-02	4.412481e+00	4.413090e+00	2.091174e-01	
5	1.052800e-02	4.412481e+00	4.413090e+00	2.091174e-01	
6	1.062800e-02	4.412481e+00	4.413090e+00	2.091174e-01	
7	1.072800e-02	4.412481e+00	4.413090e+00	2.091174e-01	
8	1.082800e-02	4.412481e+00	4.413090e+00	2.091174e-01	
9	1.092800e-02	4.412481e+00	4.413090e+00	2.091174e-01	
10	1.102800e-02	4.412481e+00	4.413090e+00	2.091174e-01	
11	1.112800e-02	4.412481e+00	4.413090e+00	2.091174e-01	
12	1.122800e-02	4.412481e+00	4.413090e+00	2.091174e-01	
13	1.132800e-02	4.412481e+00	4.413090e+00	2.091174e-01	
14	1.142800e-02	4.412481e+00	4.413090e+00	2.091174e-01	
15	1.152800e-02	4.412481e+00	4.413090e+00	2.091174e-01	
16	1.162800e-02	4.412481e+00	4.413090e+00	2.091174e-01	
17	1.172800e-02	4.412481e+00	4.413090e+00	2.091174e-01	
18	1.182800e-02	4.412481e+00	4.413090e+00	2.091174e-01	
19	1.192800e-02	4.412481e+00	4.413090e+00	2.091174e-01	
20	1.202800e-02	4.412481e+00	4.413090e+00	2.091174e-01	
21	1.212800e-02	4.412481e+00	4.413090e+00	2.091174e-01	
22	1.222800e-02	4.412481e+00	4.413090e+00	2.091174e-01	
23	1.232800e-02	4.412481e+00	4.413090e+00	2.091174e-01	
24	1.242800e-02	4.412481e+00	4.413090e+00	2.091174e-01	
25	1.252800e-02	4.412481e+00	4.413090e+00	2.091174e-01	
26	1.262800e-02	4.412481e+00	4.413090e+00	2.091174e-01	
27	1.272800e-02	4.412481e+00	4.413090e+00	2.091174e-01	
28	1.282800e-02	4.412481e+00	4.413090e+00	2.091174e-01	
29	1.292800e-02	4.412481e+00	4.413090e+00	2.091174e-01	
30	1.302800e-02	4.412481e+00	4.413090e+00	2.091174e-01	
31	1.312800e-02	4.412481e+00	4.413090e+00	2.091174e-01	
32	1.322800e-02	4.412481e+00	4.413090e+00	2.091174e-01	
33	1.332800e-02	4.412481e+00	4.413090e+00	2.091174e-01	
34	1.342800e-02	4.412481e+00	4.413090e+00	2.091174e-01	
35	1.352800e-02	4.412481e+00	4.413090e+00	2.091174e-01	
36	1.362800e-02	4.412481e+00	4.413090e+00	2.091174e-01	
37	1.372800e-02	4.412481e+00	4.413090e+00	2.091174e-01	
38	1.382800e-02	4.412481e+00	4.413090e+00	2.091174e-01	
39	1.392800e-02	4.412481e+00	4.413090e+00	2.091174e-01	
40	1.402800e-02	4.412481e+00	4.413090e+00	2.091174e-01	
41	1.412800e-02	4.412481e+00	4.413090e+00	2.091174e-01	
42	1.422800e-02	4.412481e+00	4.413090e+00	2.091174e-01	
43	1.432800e-02	4.412481e+00	4.413090e+00	2.091174e-01	
44	1.442800e-02	4.412481e+00	4.413090e+00	2.091174e-01	
45	1.452800e-02	4.412481e+00	4.413090e+00	2.091174e-01	
46	1.462800e-02	4.412481e+00	4.413090e+00	2.091174e-01	
47	1.472800e-02	4.412481e+00	4.413090e+00	2.091174e-01	
48	1.482800e-02	4.412481e+00	4.413090e+00	2.091174e-01	
49	1.492800e-02	4.412481e+00	4.413090e+00	2.091174e-01	
50	1.500000e-02	4.412481e+00	4.413090e+00	2.091174e-01	

                                kicad schematic
                                Transient Analysis  Sun Jul 05 15:27:17  2026
--------------------------------------------------------------------------------
Index   time            q14#collCX      q15#collCX      q16#collCX      
--------------------------------------------------------------------------------
0	1.002800e-02	9.000000e+00	3.281399e+00	4.288318e+00	
1	1.012800e-02	9.000000e+00	3.281399e+00	4.288318e+00	
2	1.022800e-02	9.000000e+00	3.281399e+00	4.288318e+00	
3	1.032800e-02	9.000000e+00	3.281399e+00	4.288318e+00	
4	1.042800e-02	9.000000e+00	3.281399e+00	4.288318e+00	
5	1.052800e-02	9.000000e+00	3.281399e+00	4.288318e+00	
6	1.062800e-02	9.000000e+00	3.281399e+00	4.288318e+00	
7	1.072800e-02	9.000000e+00	3.281399e+00	4.288318e+00	
8	1.082800e-02	9.000000e+00	3.281399e+00	4.288318e+00	
9	1.092800e-02	9.000000e+00	3.281399e+00	4.288318e+00	
10	1.102800e-02	9.000000e+00	3.281399e+00	4.288318e+00	
11	1.112800e-02	9.000000e+00	3.281399e+00	4.288318e+00	
12	1.122800e-02	9.000000e+00	3.281399e+00	4.288318e+00	
13	1.132800e-02	9.000000e+00	3.281399e+00	4.288318e+00	
14	1.142800e-02	9.000000e+00	3.281399e+00	4.288318e+00	
15	1.152800e-02	9.000000e+00	3.281399e+00	4.288318e+00	
16	1.162800e-02	9.000000e+00	3.281399e+00	4.288318e+00	
17	1.172800e-02	9.000000e+00	3.281399e+00	4.288318e+00	
18	1.182800e-02	9.000000e+00	3.281399e+00	4.288318e+00	
19	1.192800e-02	9.000000e+00	3.281399e+00	4.288318e+00	
20	1.202800e-02	9.000000e+00	3.281399e+00	4.288318e+00	
21	1.212800e-02	9.000000e+00	3.281399e+00	4.288318e+00	
22	1.222800e-02	9.000000e+00	3.281399e+00	4.288318e+00	
23	1.232800e-02	9.000000e+00	3.281399e+00	4.288318e+00	
24	1.242800e-02	9.000000e+00	3.281399e+00	4.288318e+00	
25	1.252800e-02	9.000000e+00	3.281399e+00	4.288318e+00	
26	1.262800e-02	9.000000e+00	3.281399e+00	4.288318e+00	
27	1.272800e-02	9.000000e+00	3.281399e+00	4.288318e+00	
28	1.282800e-02	9.000000e+00	3.281399e+00	4.288318e+00	
29	1.292800e-02	9.000000e+00	3.281399e+00	4.288318e+00	
30	1.302800e-02	9.000000e+00	3.281399e+00	4.288318e+00	
31	1.312800e-02	9.000000e+00	3.281399e+00	4.288318e+00	
32	1.322800e-02	9.000000e+00	3.281399e+00	4.288318e+00	
33	1.332800e-02	9.000000e+00	3.281399e+00	4.288318e+00	
34	1.342800e-02	9.000000e+00	3.281399e+00	4.288318e+00	
35	1.352800e-02	9.000000e+00	3.281399e+00	4.288318e+00	
36	1.362800e-02	9.000000e+00	3.281399e+00	4.288318e+00	
37	1.372800e-02	9.000000e+00	3.281399e+00	4.288318e+00	
38	1.382800e-02	9.000000e+00	3.281399e+00	4.288318e+00	
39	1.392800e-02	9.000000e+00	3.281399e+00	4.288318e+00	
40	1.402800e-02	9.000000e+00	3.281399e+00	4.288318e+00	
41	1.412800e-02	9.000000e+00	3.281399e+00	4.288318e+00	
42	1.422800e-02	9.000000e+00	3.281399e+00	4.288318e+00	
43	1.432800e-02	9.000000e+00	3.281399e+00	4.288318e+00	
44	1.442800e-02	9.000000e+00	3.281399e+00	4.288318e+00	
45	1.452800e-02	9.000000e+00	3.281399e+00	4.288318e+00	
46	1.462800e-02	9.000000e+00	3.281399e+00	4.288318e+00	
47	1.472800e-02	9.000000e+00	3.281399e+00	4.288318e+00	
48	1.482800e-02	9.000000e+00	3.281399e+00	4.288318e+00	
49	1.492800e-02	9.000000e+00	3.281399e+00	4.288318e+00	
50	1.500000e-02	9.000000e+00	3.281399e+00	4.288318e+00	

                                kicad schematic
                                Transient Analysis  Sun Jul 05 15:27:17  2026
--------------------------------------------------------------------------------
Index   time            q17#collCX      q18#collCX      vs              
--------------------------------------------------------------------------------
0	1.002800e-02	4.419427e+00	8.999991e+00	9.000000e+00	
1	1.012800e-02	4.419427e+00	8.999991e+00	9.000000e+00	
2	1.022800e-02	4.419427e+00	8.999991e+00	9.000000e+00	
3	1.032800e-02	4.419427e+00	8.999991e+00	9.000000e+00	
4	1.042800e-02	4.419427e+00	8.999991e+00	9.000000e+00	
5	1.052800e-02	4.419427e+00	8.999991e+00	9.000000e+00	
6	1.062800e-02	4.419427e+00	8.999991e+00	9.000000e+00	
7	1.072800e-02	4.419427e+00	8.999991e+00	9.000000e+00	
8	1.082800e-02	4.419427e+00	8.999991e+00	9.000000e+00	
9	1.092800e-02	4.419427e+00	8.999991e+00	9.000000e+00	
10	1.102800e-02	4.419427e+00	8.999991e+00	9.000000e+00	
11	1.112800e-02	4.419427e+00	8.999991e+00	9.000000e+00	
12	1.122800e-02	4.419427e+00	8.999991e+00	9.000000e+00	
13	1.132800e-02	4.419427e+00	8.999991e+00	9.000000e+00	
14	1.142800e-02	4.419427e+00	8.999991e+00	9.000000e+00	
15	1.152800e-02	4.419427e+00	8.999991e+00	9.000000e+00	
16	1.162800e-02	4.419427e+00	8.999991e+00	9.000000e+00	
17	1.172800e-02	4.419427e+00	8.999991e+00	9.000000e+00	
18	1.182800e-02	4.419427e+00	8.999991e+00	9.000000e+00	
19	1.192800e-02	4.419427e+00	8.999991e+00	9.000000e+00	
20	1.202800e-02	4.419427e+00	8.999991e+00	9.000000e+00	
21	1.212800e-02	4.419427e+00	8.999991e+00	9.000000e+00	
22	1.222800e-02	4.419427e+00	8.999991e+00	9.000000e+00	
23	1.232800e-02	4.419427e+00	8.999991e+00	9.000000e+00	
24	1.242800e-02	4.419427e+00	8.999991e+00	9.000000e+00	
25	1.252800e-02	4.419427e+00	8.999991e+00	9.000000e+00	
26	1.262800e-02	4.419427e+00	8.999991e+00	9.000000e+00	
27	1.272800e-02	4.419427e+00	8.999991e+00	9.000000e+00	
28	1.282800e-02	4.419427e+00	8.999991e+00	9.000000e+00	
29	1.292800e-02	4.419427e+00	8.999991e+00	9.000000e+00	
30	1.302800e-02	4.419427e+00	8.999991e+00	9.000000e+00	
31	1.312800e-02	4.419427e+00	8.999991e+00	9.000000e+00	
32	1.322800e-02	4.419427e+00	8.999991e+00	9.000000e+00	
33	1.332800e-02	4.419427e+00	8.999991e+00	9.000000e+00	
34	1.342800e-02	4.419427e+00	8.999991e+00	9.000000e+00	
35	1.352800e-02	4.419427e+00	8.999991e+00	9.000000e+00	
36	1.362800e-02	4.419427e+00	8.999991e+00	9.000000e+00	
37	1.372800e-02	4.419427e+00	8.999991e+00	9.000000e+00	
38	1.382800e-02	4.419427e+00	8.999991e+00	9.000000e+00	
39	1.392800e-02	4.419427e+00	8.999991e+00	9.000000e+00	
40	1.402800e-02	4.419427e+00	8.999991e+00	9.000000e+00	
41	1.412800e-02	4.419427e+00	8.999991e+00	9.000000e+00	
42	1.422800e-02	4.419427e+00	8.999991e+00	9.000000e+00	
43	1.432800e-02	4.419427e+00	8.999991e+00	9.000000e+00	
44	1.442800e-02	4.419427e+00	8.999991e+00	9.000000e+00	
45	1.452800e-02	4.419427e+00	8.999991e+00	9.000000e+00	
46	1.462800e-02	4.419427e+00	8.999991e+00	9.000000e+00	
47	1.472800e-02	4.419427e+00	8.999991e+00	9.000000e+00	
48	1.482800e-02	4.419427e+00	8.999991e+00	9.000000e+00	
49	1.492800e-02	4.419427e+00	8.999991e+00	9.000000e+00	
50	1.500000e-02	4.419427e+00	8.999991e+00	9.000000e+00	
